94829432227430
94829432229369
94829432229378
94829432229383
94829432229555
94829432229640
94829432229679
94829432229689
94829432229727
94829432229838
94829432231584
94829432231661
94829432231722
94829432231731
94829432231745
94829432231808
94829432231823
94829432231926
94829432231991
94829432232004
94829432232017
94829432232137
94829432232146
94829432232181
94829432232247
94829432232292
94829432232309
94829432232375
94829432232405
94829432232624
94829432232685
94829432232766
94829432232788
94829432232804
94829432232851
94829432232947
94829432233134
94829432233147
94829432233172
94829432233185
94829432233198
94829432233252
94829432233261
94829432233718
94829432233755
94829432234008
94829432234019
94829432235212
94829432235589
94829432235670
94829432235719
94829432235733
94829432237397
94829432237416
94829432237705
94829432237896
94829432237905
94829432237952
94829432237961
94829432237987
94829432238169
94829432238174
94829432238867
94829432238910
94829432238915
94829432238948
94829432238979
94829432238984
94829432239003
94829432242193
94829432242203
94829432242281
94829432242311
94829432242464
94829432242522
94829432242542
94829432242573
94829432242736
94829432242766
94829432242818
94829432242886
94829432242895
94829432242934
94829432242942
94829432243109
94829432243127
94829432243234
94829432243242
94829432243250
94829432243612
94829432243626
94829432243681
94829432243856
94829432243969
94829432243978
94829432244180
94829432244261
94829432245278
94829432245352
94829432245417
94829432245488
94829432245537
94829432248285
94829432248324
94829432248390
94829432248454
94829432248493
94829432248547
94829432248577
94829432248826
94829432248848
94829432248937
94829432248954
94829432248974
94829432249003
94829432249057
94829432249076
94829432249150
94829432249159
94829432249164
94829432249205
94829432249288
94829432249327
94829432249336
94829432249341
94829432249367
94829432249377
94829432249399
94829432249416
94829432249426
94829432249451
94829432249927
94829432250360
94829432250427
94829432250576
94829432250593
94829432250626
94829432251463
94829432251610
94829432251619
94829432251632
94829432252174
94829432252211
94829432252221
94829432252234
94829432254119
94829432255003
94829432255020
94829432255122
94829432255411
94829432255424
94829432255462
94829432255481
94829432255491
94829432255499
94829432255515
94829432255750
94829432255808
94829432255826
94829432255840
94829432255849
94829432256076
94829432256098
94829432256138
94829432256195
94829432256234
94829432262500
94829432262538
94829432272902
94829432272995
94829432273202
94829432273226
94829432273247
94829432276097
94829432276099
94829432276118
94829432276197
94829432276254
94829432276269
94829432276290
94829432276313
94829432276502
94829432276518
94829432276539
94829432276562
94829432276660
94829432276678
94829432277178
94829432277299
94829432277317
94829432277347
94829432277527
94829432277613
94829432277660
94829432277678
94829432277715
94829432277895
94829432278975
94829432278988
94829432280109
94829432281412
94829432281461
94829432292396
94829432292471
94829432292489
94829432296919
94829432297032
94829432298175
94829432298179
94829432299393
94829432299402
94829432299414
94829432299511
94829432299520
94829432301572
94829432301604
94829432301658
139847864363881
139847864363958
139847864364007
139847864364021
139847864364075
139847864365010
139847864365083
139847864365094
139847864365193
139847864365247
139847864365338
139847864365465
139847864381745
139847864381760
139847864381918
139847864381932
139847864381946
139847864381961
139847864381991
139847864387972
139847864387976
139847864387998
139847864388053
139847864388074
139847864388087
139847864388101
139847864392671
139847864392690
139847864392699
139847864392723
139847864392735
139847864392750
139847864392774
139847864392871
139847864395735
139847864395887
139847864395963
139847864396002
139847864396129
139847864396140
139847864411793
139847864411890
139847864411894
139847864418688
139847864418893
139847864418937
139847864418946
139847864419213
139847864424238
139847866568054
139847866568377
139847866568454
139847866568503
139847866568517
139847866568571
139847866569532
139847866569567
139847868683206
139847868701381
139847868701462
139847868701511
139847868701525
139847871376060
139847871376106
139847871376161
139847871376166
139847871376221
139847871376332
139847871376359
139847871376369
139847871376383
139847871376415
139847871376421
139847871376448
139847871376468
139847871376481
139847871376487
139847871376520
139847871376524
139847871376542
139847871376575
139847871376792
139847871376828
139847871376860
139847871376868
139847871376890
139847871376894
139847871376902
139847871376908
139847871376938
139847871376945
139847871376989
139847871377000
139847871377228
139847871377353
139847871377366
139847871377402
139847871377527
139847871377658
139847871377686
139847871377712
139847871377721
139847871377761
139847871377769
139847871377787
139847871420853
139847871421001
139847871421036
139847871421083
139847871421131
139847871421145
139847871421167
139847871421172
139847871421375
139847871421595
139847871421607
139847871421626
139847871421682
139847871421745
139847871421760
139847871421856
139847871421900
139847871421909
139847871421959
139847871421965
139847871421994
139847871422017
139847871422039
139847871422168
139847871422267
139847871422970
139847871423000
139847871423055
139847871423079
139847871423097
139847871423109
139847871423136
139847871423148
139847871423160
139847871424007
139847871424030
139847871424053
139847871424076
139847871424108
139847871424118
139847871424124
139847871424130
139847871424142
139847871424167
139847871424183
139847871424202
139847871424221
139847871424267
139847871424315
139847871424345
139847871424350
139847871426066
139847871426082
139847871426105
139847871426125
139847871426138
139847871426164
139847871426188
139847871426285
139847871426315
139847871426320
139847871426340
139847871426360
139847871426381
139847871426397
139847871426412
139847871426428
139847871426444
139847871426460
139847871426476
139847871426492
139847871426516
139847871426532
139847871426546
139847871426552
139847871426571
139847871428471
139847871428493
139847871428510
139847871428547
139847871428592
139847871428598
139847871428612
139847871428654
139847871428687
139847871428728
139847871428842
139847871428854
139847871428901
139847871428909
139847871428942
139847871428991
139847871429010
139847871429035
139847871429053
139847871429081
139847871429131
139847871429165
139847871429191
139847871429310
139847871429328
139847871429504
139847871429512
139847871429540
139847871429593
139847871429654
139847871433873
139847871436036
139847871436041
139847871436075
139847871436094
139847871436245
139847871436291
139847871436324
139847871436369
139847871436390
139847871453856
139847871453869
139847871453885
139847871453917
139847871453940
139847871454001
139847871454016
139847871454094
139847871455667
139847871455715
139847871455738
139847871455743
139847871455760
139847871455802
139847871455815
139847871455827
139847871455842
139847871466998
139847871485494
139847871485506
139847871485517
139847871485603
139847871485627
139847871485633
139847871485652
139847871485659
139847871487460
139847871487473
139847871487499
139847871487516
139847871487526
139847871487554
139847871487563
139847871487582
139847871487594
139847871487879
139847871487900
139847871487939
139847871487959
139847871487978
139847871488040
139847871488068
139847871488112
139847871488131
139847871488364
139847871488446
139847871488476
139847871488598
139847871488614
139847871488644
139847871488693
139847871488698
139847871489189
139847871724966
139847871725005
139847871725025
139847871725041
139847871725058
139847871725079
139847871725120
139847871725189
139847871725276
139847871725306
139847871725319
139847871725358
139847871725382
139847871725542
139847871725551
139847871725560
139847871725594
139847871725616
139847871725632
139847871725645
139847871725697
139847871725743
139847871725754
139847871725797
139847871726707
139847871726729
139847871726768
139847871726795
139847871726808
139847871726825
139847871726836
139847871726892
139847871726906
139847871726921
139847871727975
139847871728080
139847871728170
139847871731185
139847871731194
139847871731224
139847871731340
139847871731411
139847871731461
139847871731472
139847871731503
139847871731523
139847871731615
139847871731710
139847871731731
139847871731819
139847871763190
139847871763197
139847871770247
139847871770255
139847871770472
139847871770527
139847871774276
139847871774292
139847871774297
139847871774371
139847871774389
139847871774804
139847871774868
139847871775185
139847871777662
139847871777706
139847871777717
139847871777724
139847871777781
139847871779524
139847871779589
139847871779626
139847871779643
139847871779693
139847871779756
139847871779776
139847871779796
139847871779812
139847871779817
139847871779862
139847871779875
139847871779885
139847871779903
139847871779912
139847871781674
139847871781698
139847871781718
139847871781732
139847871781969
139847871782000
139847871782093
139847871782260
139847871782280
139847871782320
139847871782546
139847871782556
139847871782607
139847871782661
139847871782667
139847871782716
139847871782722
139847871782732
139847871782742
139847871782751
139847871783003
139847871783032
139847871783636
139847871783646
139847871783656
139847871784645
139847871784685
139847871784719
139847871784815
139847871784847
139847871784852
139847871784890
139847871784974
139847871785060
139847871785074
139847871785096
139847871785107
139847871785355
139847871785380
139847871785401
139847871785535
139847871785570
139847871785845
139847871785863
139847871785872
139847871785885
139847871785895
139847871785916
139847871785925
139847871785930
139847871785949
139847871785962
139847871785975
139847871786023
139847871786035
139847871786078
139847871786537
139847871786554
139847871786596
139847871786612
139847871786633
139847871786699
139847871786725
139847871786739
139847871786752
139847871786810
139847871786815
139847871786828
139847871786833
139847871786877
139847871786907
139847871786931
139847871786951
139847871786970
139847871787000
139847871787016
139847871787047
139847871787058
139847871787106
139847871787322
139847871787343
139847871787385
139847871787401
139847871787422
139847871787486
139847871787512
139847871787526
139847871787541
139847871787615
139847871787640
139847871787668
139847871787688
139847871787707
139847871787737
139847871787753
139847871787903
139847871787916
139847871788577
139847871788639
139847871788653
139847871788797
139847871788842
139847871788904
139847871788934
139847871788951
139847871788960
139847871788967
139847871789018
139847871789043
139847871789271
139847871789873
139847871789877
139847871789957
139847871789979
139847871790014
139847871790025
139847871790259
139847871790331
139847871790390
139847871790408
139847871790428
139847871791895
139847871792027
139847871792101
139847871792368
139847871792386
139847871792415
139847871792433
139847871792449
139847871793571
139847871793805
139847871793901
139847871793978
139847871794076
139847871794092
139847871794101
139847871794132
139847871794179
139847871794233
139847871794256
139847871794466
139847871794673
139847871794680
139847871794690
139847871796185
139847871796202
139847871803385
139847871804989
139847871805057
139847871805099
139847871805863
139847871805918
139847871805939
139847871806207
139847871806226
139847871806267
139847871806295
139847871806328
139847871806343
139847871809035
139847871809045
139847871809055
139847871809063
139847871809091
139847871809100
139847871809117
139847871809130
139847871809356
139847871809386
139847871809395
139847871809433
139847871809445
139847871809462
139847871809475
139847871809489
139847871809499
139847871809652
139847871809664
139847871809775
139847871809790
139847871809826
139847871809864
139847871810001
139847871810022
139847871810070
139847871810755
139847871810767
139847871810780
139847871810793
139847871811422
139847871812575
139847871812591
139847871812670
139847871812679
139847871812692
139847871812708
139847871812831
139847871812851
139847871812924
139847871813489
139847871813510
139847871813566
139847871813592
139847871813606
139847871813632
139847871813961
139847871813970
139847871813975
139847871813984
139847871814011
139847871814059
139847871814100
139847871814119
139847871814172
139847871814932
139847871814990
139847871815003
139847871815040
139847871815158
139847871815383
139847871815400
139847871815417
139847871815436
139847871815471
139847871815673
139847871815691
139847871815705
139847871815722
139847871815727
139847871815745
139847871815757
139847871815830
139847871815874
139847871815883
139847871815955
139847871815964
139847871815992
139847871816042
139847871816070
139847871816078
139847871816087
139847871816131
139847871816168
139847871816530
139847871816549
139847871816567
139847871816577
139847871816599
139847871816608
139847871816618
139847871816668
139847871816795
139847871816808
139847871817088
139847871817099
139847871817150
139847871817229
139847871817291
139847871817301
139847871817428
139847871817503
139847871817517
139847871817529
139847871817543
139847871817552
139847871817564
139847871817588
139847871817605
139847871817974
139847871818000
139847871818014
139847871818180
139847871818194
139847871818205
139847871818943
139847871821551
139847871821563
139847871821581
139847871821594
139847871821637
139847871821650
139847871821661
139847871821688
139847871821901
139847871821922
139847871821938
139847871821959
139847871821992
139847871822000
139847871822040
139847871822053
139847871822064
139847871822091
139847871822103
139847871822118
139847871822136
139847871822211
139847871822229
139847871822243
139847871822267
139847871822316
139847871822329
139847871822379
139847871827649
139847871827659
139847871827675
139847871827699
139847871827712
139847871827732
139847871827740
139847871827780
139847871827793
139847871827804
139847871827831
139847871827843
139847871827858
139847871827876
139847871828011
139847871828021
139847871828060
139847871828073
139847871828999
139847871829008
139847871829020
139847871829034
139847871829049
139847871829084
139847871829656
139847871829667
139847871829676
139847871829690
139847871830555
139847871847029
139847871847090
139847871847141
139847871847205
139847871847581
139847871848416
139847871848432
139847871848485
139847871850595
139847871850606
139847871850637
139847871850661
139847871850666
139847871850671
139847871850704
139847871850710
139847871850745
139847871850863
139847871850876
139847871850903
139847871850935
139847871850948
139847871850980
139847871850993
139847871851035
139847871851344
139847871851376
139847871851496
139847871851610
139847871851629
139847871851963
139847871852286
139847871852342
139847871852354
139847871852394
139847871852408
139847871852413
139847871852602
139847871852616
139847871852621
139847871852762
139847871852776
139847871852781
139847871853029
139847871853077
139847871853127
139847871853207
139847871853287
139847871853367
139847871853530
139847871853544
139847871853549
139847871858643
139847871858652
139847871858662
139847871858711
139847871864007
139847871864021
139847871864029
139847871864102
139847871864116
139847871864325
139847871864375
139847871864602
139847871864641
139847871864679
139847871864749
139847871865000
139847871865034
139847871865065
139847871865096
139847871865105
139847871865915
139847871865933
139847871865958
139847871866425
139847871866444
139847871866470
139847871867038
139847871867047
139847871867114
139847871867123
139847871867186
139847871867319
139847871867564
139847871867592
139847871867605
139847871867637
139847871973810
139847871973858
139847871973879
139847871973890
139847871973899
139847871973967
139847871973976
139847871973984
139847871974000
139847871974026
139847871974055
139847871974115
139847871974146
139847871974150
139847871974172
139847871974203
139847871974208
139847871974213
139847871974218
139847871974223
139847871974245
139847871974274
139847871974290
139847871974305
139847871974586
139847871974670
139847871974708
139847871974825
139847871974894
139847871980242
139847871984832
139847872061488
139847872061501
139847872061712
139847872061725
139847872109983
139847872110012
139847872110020
139847872110043
139847872110063
139847872110120
139847872110190
139847872110627
139847872110653
139847872110759
139847872110776
139847872110842
139847872110851
139847872110873
139847872110896
139847872110912
139847872110927
139847872111953
139847872111965
139847872112017
139847872137521
139847872137530
139847872137536
139847872137544
139847872137560
139847872137702
139847872137806
139847872254579
139847872254605
139847872254616
139847872254643
139847872254651
139847872254666
139847872254705
139847872254941
139847872254951
139847872254962
139847872254970
139847872255049
139847872255291
139847872255333
139847872255385
139847872255698
139847872305315
139847872305336
139847872305773
139847872306509
139847872306526
139847872306536
139847872306564
139847872306584
139847872307224
139847872307239
139847872307384
139847872307402
139847872307616
139847872314079
139847872329108
139847872329112
139847872329224
139847872329910
139847872331218
139847872331235
139847872331333
139847872331343
139847872331349
139847872331351
139847872331364
139847872331409
139847872331435
139847872331517
139847872333358
139847872351255
139847872351282
139847872351321
139847872351379
139847872375267
139847872375281
139847872434869
139847872434927
139847872434948
139847872435012
139847872435095
139847872435109
139847872435118
139847872435137
139847872435362
139847872435371
139847872435391
139847872435406
139847872439258
139847872439272
139847872439277
139847872651118
139847872651147
139847872651193
139847872651207
139847872651237
139847872651271
139847872651276
139847872651291
139847872651312
139847872651334
139847872651349
139847872651355
139847872651372
139847872651415
139847872651429
139847872651442
139847872651450
139847872654936
139847872655015
139847872655020
139847872655043
139847872659647
139847872659652
139847872659698
139847872659736
139847872659738
139847872664010
139847872664272
139847872772195
139847872772205
139847872772229
139847872772234
139847872772270
139847872776215
139847872792403
139847872792426
139847872792438
139847872792515
139847872792524
139847872792554
139847872792571
139847872792587
139847872792750
139847872792762
139847872792861
139847872792903
139847872794324
139847872794661
139847872794755
139847872794757
139847872794762
139847872794767
139847872807654
139847872807680
139847872807745
139847872808214
139847872808305
139847872808709
139847872808737
139847872808741
139847872809167
139847872809179
139847872809219
139847872809262
139847872810503
139847872810509
139847872810581
139847872810586
139847872810591
139847872810596
139847872810598
139847875578374
139847875580472
139847875580520
139847875580631
139847875580679
139847875580792
139847875580807
139847875580887
139847875580978
139847875581022
139847875581057
139847875581073
139847875581082
139847875581349
139847875581430
139847875581479
139847875581493
139847875613745
139847875613800
139847875613839
139847875613860
139847875613901
139848202624313
139848202624371
139848202624416
139848202624426
139848202624453
139848202624502
139848202624570
139848202628058
139848202628175
139848202628273
139848202628279
139848202628291
139848202628301
139848202628339
139848202628355
139848202628371
139848202628387
139848202628403
139848202628419
139848202628435
139848202628451
139848202628467
139848202628483
139848202628490
139848202628506
139848202628520
139848202628536
139848202628562
139848202628586
139848202628600
139848202628609
139848202628776
139848202628810
139848202628842
139848202628883
139848202628900
139848202628954
139848202628970
139848202628993
139848202629003
139848202629026
139848202629071
139848202629076
139848202629104
139848202629118
139848202629146
139848202629199
139848202630295
139848202630377
139848202630391
139848202630627
139848202631256
139848202631317
139848202631391
139848202631432
139848202631441
139848202631450
139848202631463
139848202631474
139848202631480
139848202631488
139848202631500
139848202631509
139848202631638
139848202631653
139848202631669
139848202631692
139848202631708
139848202631745
139848202631787
139848202631811
139848202631820
139848202631833
139848202631849
139848202631924
139848202631930
139848202631942
139848202631952
139848202631984
139848202631993
139848202632006
139848202632019
139848202632032
139848202632045
139848202632061
139848202632077
139848202632093
139848202632109
139848202632116
139848202632127
139848202632141
139848202632157
139848202632173
139848202632185
139848202632197
139848202632216
139848202632238
139848202632247
139848202632271
139848202632299
139848202632313
139848202632353
139848202632396
139848202632403
139848202632412
139848202632429
139848202632436
139848202632472
139848202632515
139848202632531
139848202632604
139848202632610
139848202632622
139848202632632
139848202632662
139848202632675
139848202632761
139848202632819
139848202632874
139848202632926
139848202632978
139848202633030
139848202633079
139848202633122
139848202633140
139848202633170
139848202633185
139848202633197
139848202633209
139848202633228
139848202633282
139848202633351
139848202633388
139848202633440
139848202633461
139848202633471
139848202633527
139848202633541
139848202633558
139848202633667
139848202633683
139848202633696
139848202633709
139848202633750
139848202633773
139848202633786
139848202633799
139848202633850
139848202633962
139848202633990
139848202634018
139848202634058
139848202635494
139848202635573
139848202635602
139848202635616
139848202635678
139848202635697
139848202635729
139848202635761
139848202635788
139848202635816
139848202635839
139848202635880
139848202635897
139848202635915
139848202635981
139848202636002
139848202636082
139848202636123
139848202636153
139848202636162
139848202636191
139848202636202
139848202636219
139848202636228
139848202636345
139848202636358
139848202636385
139848202636390
139848202636395
139848202636414
139848202636441
139848202636451
139848202636558
139848202636579
139848202636643
139848202636659
139848202637140
139848202637154
139848202637190
139848202637473
139848202637494
139848202637537
139848202637546
139848202637556
139848202637587
139848202637627
139848202637649
139848202637662
139848202637742
139848202638233
139848202644237
139848202644241
139848202644286
139848202644351
139848202644370
139848202644376
139848202644405
139848202644417
139848202644449
139848202644459
139848202644470
139848202644487
139848202644497
139848202644508
139848202644548
139848202644570
139848202644607
139848202644617
139848202644627
139848202644634
139848202644647
139848202644708
139848202644742
139848202644747
139848202644784
139848202644794
139848202644798
139848202645311
139848202647378
139848202647438
139848202647455
139848202647468
139848202647477
139848202647486
139848202647645
139848202647663
139848202647676
139848202647694
139848202647703
139848202647755
139848202647827
139848202647896
139848202647966
139848202647978
139848202647987
139848202648023
139848202648036
139848202648038
139848202648043
139848202648048
139848202648187
139848202648216
139848202648291
139848202648376
139848202648409
139848202648457
139848202648573
139848202648595
139848202648718
139848202648755
139848202648778
139848202648803
139848202648822
139848202648865
139848202648874
139848202648898
139848202648916
139848202649264
139848202649283
139848202649299
139848202649375
139848202649381
139848202649393
139848202649403
139848202649426
139848202649481
139848202649490
139848202649503
139848202649516
139848202649529
139848202649542
139848202649558
139848202649574
139848202649590
139848202649606
139848202649613
139848202649624
139848202649638
139848202649654
139848202649668
139848202649679
139848202649690
139848202649706
139848202649733
139848202649742
139848202649756
139848202649772
139848202649798
139848202649831
139848202649847
139848202649872
139848202649885
139848202649918
139848202649936
139848202649946
139848202650035
139848202650070
139848202650084
139848202650110
139848202650470
139848202650533
139848202650930
139848202651061
139848202651128
139848202651172
139848202651248
139848202655921
139848202655995
139848202656107
139848202656128
139848202656192
139848202656204
139848202656252
139848202656266
139848202656282
139848202656350
139848202656664
139848202657132
139848202657155
139848202657185
139848202657207
139848202657232
139848202657247
139848202657257
139848202657269
139848202657293
139848202657383
139848202657458
139848202657485
139848202657955
139848202657964
139848202657979
139848202657993
139848202658092
139848202658101
139848202658178
139848202658203
139848202658458
139848202658482
139848202658487
139848202658499
139848202658557
139848202658579
139848202658595
139848202658617
139848202658626
139848202658641
139848202658695
139848202659222
139848202659236
139848202659258
139848202659282
139848202659803
139848202661996
139848202662022
139848202662038
139848202662062
139848202662082
139848202662099
139848202662104
139848202662151
139848202662158
139848202662163
139848202662169
139848202662195
139848202662227
139848202662294
139848202662523
139848202662532
139848202662541
139848202662554
139848202662567
139848202662581
139848202662646
139848202662702
139848202662722
139848202662726
139848202662743
139848202662755
139848202662775
139848202663137
139848202663157
139848202663169
139848202663173
139848202663177
139848202663208
139848202664224
139848202664311
139848202664329
139848202664418
139848202664482
139848202665423
139848202665462
139848202665500
139848202665509
139848202665528
139848202665548
139848202665616
139848202665639
139848202665704
139848202665721
139848202665733
139848202665744
139848202665768
139848202665783
139848202665800
139848202666140
139848202666151
139848202669834
139848202669861
139848202670047
139848202670066
139848202670212
139848202670284
139848202670419
139848202670439
139848202670474
139848202670524
139848202670546
139848202670573
139848202670577
139848202670620
139848202670661
139848202670817
139848202670828
139848202670907
139848202670963
139848202670986
139848202671901
139848202671934
139848202671950
139848202671970
139848202671995
139848202672030
139848202672034
139848202672051
139848202672077
139848202672086
139848202672095
139848202672107
139848202672138
139848202672186
139848202672225
139848202672247
139848202672275
139848202672284
139848202672289
139848202672401
139848202672415
139848202672442
139848202672458
139848202672474
139848202672486
139848202672494
139848202672509
139848202672515
139848202672520
139848202672530
139848202672557
139848202672582
139848202672614
139848202672631
139848202672653
139848202672669
139848202672740
139848202672745
139848202672754
139848202672773
139848202672779
139848202672802
139848202672814
139848202672834
139848202672891
139848202672962
139848202672972
139848202672981
139848202672997
139848202673017
139848202673030
139848202673040
139848202673050
139848202673087
139848202673142
139848202673229
139848202673248
139848202673258
139848202673304
139848202673321
139848202673451
139848202673474
139848202673961
139848202674207
139848202674231
139848202674315
139848202674391
139848202674438
139848202674440
139848202674570
139848202674598
139848202674941
139848202674955
139848202674964
139848202674976
139848202674980
139848202675206
139848202675219
139848202675229
139848202675242
139848202679996
139848202680234
139848202680248
139848202680305
139848202680351
139848202680382
139848202680392
139848202680425
139848202680482
139848202680499
139848202680595
139848202680963
139848202681001
139848202681079
139848202681092
139848202681105
139848202681134
139848202681164
139848202681226
139848202681282
139848202681320
139848202681335
139848202681352
139848202681368
139848202681878
139848202681907
139848202681926
139848202681939
139848202682053
139848202682795
139848202683295
139848202683308
139848202683466
139848202683497
139848202683515
139848202683608
139848202683622
139848202683656
139848202683669
139848202683686
139848202683710
139848202683753
139848202684177
139848202684707
139848202684748
139848202684764
139848202684791
139848202684828
139848202684838
139848202684866
139848202684921
139848202684935
139848202685249
139848202685268
139848202685348
139848202685392
139848202685430
139848202685507
139848202685563
139848202685573
139848202685639
139848202686090
139848202686102
139848202686159
139848202686184
139848202686193
139848202686202
139848202686240
139848202686339
139848202686473
139848202686496
139848202686897
139848202686907
139848202686923
139848202686988
139848202687043
139848202687053
139848202687058
139848202687077
139848202687091
139848202689115
139848202689150
139848202689159
139848202689188
139848202689214
139848202689249
139848202689274
139848202689338
139848202689425
139848202689430
139848202689478
139848202689500
139848202689542
139848202690304
139848202690377
139848202690402
139848202690428
139848202690485
139848202690489
139848202690524
139848202690541
139848202690545
139848202690561
139848202690597
139848202690670
139848202690734
139848202690745
139848202690758
139848202690784
139848202690806
139848202690819
139848202690919
139848202690969
139848202691005
139848202691030
139848202691043
139848202691077
139848202691105
139848202691117
139848202691133
139848202691143
139848202691164
139848202691194
139848202691290
139848202691304
139848202691551
139848202691561
139848202691598
139848202691779
139848202691811
139848202691876
139848202691887
139848202693448
139848202693469
139848202693483
139848202694092
139848202694101
139848202694119
139848202694134
139848202694743
139848202694760
139848202694773
139848202694787
139848202694793
139848202694804
139848202694817
139848202695059
139848202695672
139848202695726
139848202695750
139848202695803
139848202695823
139848202695842
139848202695849
139848202695914
139848202695980
139848202695994
139848202696199
139848202696246
139848202696250
139848202696297
139848202696341
139848202696389
139848202696444
139848202696451
139848202696468
139848202696503
139848202696554
139848202696574
139848202696829
139848202696868
139848202696901
139848202700103
139848202700359
139848202700466
139848202700477
139848202700490
139848202700502
139848202700593
139848202700646
139848202700680
139848202700711
139848202700943
139848202701055
139848202701129
139848202701155
139848202701218
139848202701231
139848202701292
139848202701305
139848202701322
139848202701384
139848202701389
139848202701412
139848202701421
139848202701491
139848202703253
139848202706913
139848202706922
139848202706935
139848202706944
139848202706953
139848202706977
139848202707012
139848202718233
139848202721026
139848202721041
139848202721050
139848202721084
139848202721126
139848202721163
139848202721187
139848202721191
139848202721211
139848202721275
139848202721291
139848202721301
139848202721325
139848202721363
139848202721514
139848202721536
139848202721559
139848202721596
139848202721611
139848202721613
139848202721622
139848202721651
139848202721679
139848202721764
139848202721789
139848202722219
139848202722269
139848202722277
139848202722287
139848202722295
139848202722300
139848202722325
139848202722330
139848202722359
139848202722370
139848202722479
139848202722496
139848202722524
139848202722575
139848202722599
139848202723240
139848202723551
139848202723769
139848202723819
139848202723831
139848202723848
139848202723857
139848202723874
139848202723889
139848202723893
139848202723914
139848202723940
139848202723957
139848202724012
139848202724021
139848202724028
139848202724039
139848202724043
139848202724062
139848202724067
139848202724082
139848202724108
139848202724116
139848202725412
139848202725414
139848202725439
139848202730372
139848202730456
139848202730469
139848202730516
139848202730531
139848202730550
139848202730576
139848202730598
139848202730619
139848202730769
139848202730784
139848202730827
139848202730984
139848202731034
139848202731039
139848202731048
139848202731057
139848202731069
139848202731083
139848202731102
139848202731121
139848202731138
139848202731157
139848202731176
139848202731482
139848202731490
139848202731634
139848202731649
139848202731806
139848202731825
139848202731839
139848202731897
139848202732010
139848202732032
139848202732054
139848202732403
139848202732473
139848202732611
139848202733232
139848202733259
139848202733292
139848202733302
139848202733331
139848202733405
139848202733689
139848202733706
139848202733711
139848202733717
139848202733882
139848202733917
139848202733928
139848202733961
139848202734011
139848202734165
139848202735775
139848202736354
139848202736368
139848202736435
139848202736445
139848202736451
139848202740019
139848202740040
139848202740153
139848202740170
139848202740198
139848202740285
139848202740432
139848202740640
139848202740679
139848202740706
139848202740745
139848202740795
139848202740810
139848202740925
139848202740957
139848202741917
139848202741983
139848202741988
139848202742034
139848202742072
139848202742074
139848202742145
139848202742208
139848202742314
139848202742372
139848202742428
139848202742634
139848202742692
139848202742748
139848202742954
139848202743012
139848202743068
139848202743274
139848202743332
139848202743388
139848202743594
139848202743652
139848202743708
139848202743914
139848202743972
139848202744028
139848202744046
139848202744098
139848202744234
139848202744292
139848202744348
139848202744366
139848202744418
139848202744554
139848202744612
139848202744668
139848202744686
139848202744738
139848202744874
139848202744932
139848202744988
139848202745194
139848202745252
139848202745308
139848202745326
139848202745378
139848202745514
139848202745572
139848202745628
139848202745834
139848202745892
139848202745948
139848202746154
139848202746212
139848202746268
139848202746474
139848202746532
139848202746588
139848202746794
139848202746852
139848202746908
139848202746926
139848202746978
139848202747088
139848202748483
139848202748493
139848202748509
139848202748522
139848202748535
139848202748547
139848202748560
139848202748573
139848202748581
139848202748590
139848202748601
139848202748609
139848202748618
139848202748631
139848202748667
139848202748700
139848202749533
139848202749569
139848202749684
139848202750084
139848202750100
139848202750172
139848202751415
139848202751421
139848202751443
139848202751448
139848202751453
139848202751455
139848202751517
139848202751523
139848202751912
139848202751922
139848202751939
139848202752024
139848202752052
139848202752064
139848202752069
139848202752074
